11010110010110111010011000100011 
10100101101000111000001010010011 
01011010010100110000000100010011 
01011010010101001100000110010011 
00000000000010001100101100010011 
11010000101001010010111000100011 
01011010010100110111110100010011 
01011010010101001100110110010011 
10100101101000011100011000010011 
11111111111110111111001100010011 
00000000000000001000001110010011 
00000001100010001100001010110011 
11001010110101001110101000010011 
11001010110111110111011000010011 
11111111111111111100111010010011 
01000000000101101000110100110011 
00000001000101011110010000110011 
11001010110111111110110010010011 
11001010110101010100100100010011 
00000000001111010101101001100011 
11001010110111010000100010010011 
01000000100100100000110000110011 
01000000001010100101100110110011 
00000000101010001100000110110011 
00000001011011110111100100110011 
11111111111110001000001010010011 
10100101101001101111110010010011 
00000000011100111000100110110011 
11111111111101100000001010010011 
00000000000011000110011100010011 
00000000000010111100000110010011 
00000001100011000111111110110011 
00000001111101010100100010110011 
01011010010110011101000100010011 
01000001111010000101011110110011 
00000000000010101100010110010011 
10100101101010011110110110010011 
10100101101010110000011110010011 
01011010010100011100100110010011 
11111111111111101110010000010011 
11001010110101000000111110010011 
11001010110101011001010110010011 
01000000101001000000000010110011 
01011010010100000110001110010011 
10100101101001001100011010010011 
10100101101010110101001110010011 
11111111111110000000010100010011 
10100101101011010001101100010011 
01000001110010100000100000110011 
11001010110111001000001100010011 
00000101010000010100111001100011 
00000000111011000110110010110011 
00000000001101110110100000110011 
11001010110100111110110010010011 
01000000111010100000110110110011 
00001000000011100001001101100011 
01011010010111110111101100010011 
10100101101010001010110000010011 
00000000000011100110011110010011 
10100101101001010110111110010011 
01000000011000100101100010110011 
00000000110111111010110110110011 
00000000000001000100101010010011 
00000000000000101110001000010011 
00110101001111110010101110100011 
00000001111110110111100100110011 
11111111111110010000010110010011 
00000000111101100010101000110011 
11001010110101001000011100010011 
11010110110110010010100010100011 
01100100110000111010101010100011 
11100110001001110010001110100011 
00000110111011001000000101100011 
11001010110111010100111110010011 
01110111111111000010111000100011 
10100101101010100001100010010011 
11000001011001110010000010100011 
00000001011010010000000110110011 
00000000000001000111011100010011 
10100101101001011000111010010011 
11001010110110000001100000010011 
00101000100110101010010110100011 
00000011000111011111000101100011 
01011010010100111000000100010011 
00000000010001100110001000110011 
00000000110110000110111110110011 
00000001100101001000001000110011 
10101001001000011010011000100011 
11001010110100110100011110010011 
10101000110010110010001100000011 
01111110110000100010100100100011 
01000000111110111101010100110011 
00010100110101110111000001100011 
10100101101001011100101100010011 
11100101010001101010011010000011 
00000000100000110101001000110011 
11001010110100111000000010010011 
00000000000001010000000100010011 
11001010110111011110000100010011 
00000000111001010000101010110011 
00000001110001101100100010110011 
00000001011000101001110100110011 
00000000000100101110001000110011 
01000000000001111000100000110011 
10000101110101000010011010100011 
11111111111110011000011000010011 
00110101011100000010110110000011 
11111101000000001000010101100111 
10100101101010001000000010010011 
00001011000010011010110000000011 
01000001101110110000101000110011 
10100101101010000110011010010011 
00000001001101101101100100110011 
10000011000000001010100110000011 
10110010011011100010110110100011 
00001010010111000010110010100011 
00000001000000100100010110110011 
00000001000110011001101010110011 
00000001100100000111110000110011 
00000001110110100100011010110011 
01011010010101000100111110010011 
10100101101001010110010100010011 
11111000111000001001101011100011 
00000000110100010110100010110011 
11111111000101110010111100100011 
01011010010101111001011000010011 
00000000001010011001111100110011 
10000011000010010010011100100011 
10100101101000001101011100010011 
00000001111011000111101000110011 
01001110100110001010111000100011 
00000000000000010010010100110011 
00000000000000001100100010010011 
00000001100000000001100110110011 
10100101101001010000010000010011 
11101000100010101111110011100011 
00000001110000110110001000110011 
00000000000010011000010110010011 
00000000101111101111001010110011 
10100101101001111000000100010011 
00000001101011101010111110110011 
11111111111111000100010010010011 
01000000101001010101100110110011 
01011010010100011000011000010011 
10001010111101001010010000000011 
01011010010100000111010100010011 
01101111101011111010101000100011 
10101000110010011010101110000011 
01000000111001100101111100110011 
00000000010000011110111100110011 
00000000000000100000111010010011 
01000001111010001101110000110011 
01100101010100000010100010000011 
00000001101101000001111110110011 
00000001001001011001111000110011 
00000001101010100111011010110011 
00000001110011101111110000110011 
01011010010101111111001000010011 
11001010110111111111000010010011 
11001010110110001110010000010011 
00000000010001100101001000110011 
11011001011011011000110011100111 
10101110010111001010001010000011 
00000001000101110111100100110011 
00100111100110001000100101100111 
00011111000100101100011001100011 
00010110000111010000001111100111 
00000001000010011101101100110011 
00000001101000001100011100110011 
11000000000101000010110100000011 
11111111111101011100111100010011 
00000000000000111000100111100111 
01011010010111011111101010010011 
00000001010001101000111010110011 
10000010111000001010000010000011 
00000000111100110001111110110011 
11001010110100000000111010010011 
11000011100101000000010001100111 
00000001001100000100011010110011 
00000000100101001100100000110011 
00000000111001001000110100110011 
10000010111011111010001110000011 
01000001001100011101101000110011 
11001010110101010111110100010011 
00000000101001000000000101100111 
00000000010110100100101100110011 
11001010110111110100101000010011 
11010111000100111010110010000011 
00000000011011111100010000110011 
01000000100111110000010000110011 
11010000100011110010010000100011 
00000001101100111101001000110011 
11010111000111111010100010000011 
00000000101011000111101010110011 
01011010010111011110111010010011 
00000100011001011101001001100011 
00000001101110111100001000110011 
00000000011100010000000101100111 
00000001111101011101100110110011 
10100101101001110010011010010011 
00000000111000111000110110110011 
00001011100100011010110100000011 
00101010011100010001011101100011 
00000000100000000000101110110011 
11010000100001001010110100000011 
00000000100111011010001010110011 
01000000011011100000000110110011 
10100101101011100100111100010011 
11111111111101111110100010010011 
10100101101010001010100100010011 
01011010010110010110110100010011 
00000000000010110111111000010011 
00000000000001101010000110010011 
00010100100101001000101111100111 
00000000000001111000100010010011 
11001010110111001001001010010011 
00000000000100001110101110110011 
00000000000011000111010100010011 
00000000011000000100001100110011 
00010000000110110010101010100011 
00000001010010110100111110110011 
00000000000001010100000100010011 
00000001101100111000000110110011 
00000000001001001100010010110011 
10100101101000101111010100010011 
10100101101000100101011010010011 
11010001110010111010000100000011 
01000001011100100101100100110011 
00000000000001000111100100010011 
00000000011100100010001000110011 
00000000000000010010010110010011 
00000000000001011110011010010011 
00000000110010101000010010110011 
00000000000001101100101110010011 
00000000111111110010010100110011 
00000001101101001101111000110011 
00000001101101011000011100110011 
00000001001000101001011000110011 
10100101101011111111101000010011 
00000000010101101000110110110011 
10000011000011110010011110000011 
00000000000000010110011000010011 
00001111001001000010001110100011 
00000000010111011111101000110011 
01000000101011101000000010110011 
01011010010110110000100000010011 
01000000110101000000110100110011 
01000001111000001101011100110011 
01000001111110010101101010110011 
01000000000011101000001000110011 
00000000011011000001100110110011 
00000001000110001100110000110011 
00000001001101111000111010110011 
00000001101110001111010100110011 
11001010110100010110110100010011 
00000001111111010110110010110011 
